
Round_1_Replicate_1
1       , -1.40693e+06, array([ 1.26289    ,  0.920315   ,  1.70867    ])
2       , -1.40587e+06, array([ 1.27772    ,  0.920315   ,  1.70867    ])
3       , -1.40821e+06, array([ 1.26289    ,  0.916502   ,  1.70867    ])
4       , -1.4193e+06 , array([ 1.26289    ,  0.920315   ,  1.75506    ])
5       , -1.39496e+06, array([ 1.27276    ,  0.917771   ,  1.66351    ])
6       , -1.38316e+06, array([ 1.27772    ,  0.916502   ,  1.61954    ])
7       , -1.38905e+06, array([ 1.2827     ,  0.92159    ,  1.64872    ])
likelihood = -1383161.45
theta = 35655.11
Optimized parameters = [1.27771778 0.91650202 1.61954244]

Round_1_Replicate_2
8       , -2.12413e+06, array([ 6.13728    ,  0.259988   ,  1.61272    ])
9       , -2.13342e+06, array([ 6.72009    ,  0.259988   ,  1.61272    ])
10      , -2.18076e+06, array([ 6.13728    ,  0.243053   ,  1.61272    ])
11      , -2.14273e+06, array([ 6.13728    ,  0.259988   ,  1.65172    ])
12      , -2.08793e+06, array([ 6.51992    ,  0.278102   ,  1.63861    ])
13      , -2.04433e+06, array([ 6.72009    ,  0.29748    ,  1.65172    ])
14      , -2.05912e+06, array([ 6.92641    ,  0.284417   ,  1.59992    ])
likelihood = -2044329.58
theta = 18402.7
Optimized parameters = [6.72008893 0.29747965 1.65171794]

Round_1_Replicate_3
15      , -865794     , array([ 3.25967    ,  2.55037    ,  0.835904   ])
16      , -863331     , array([ 3.45806    ,  2.55037    ,  0.835904   ])
17      , -856323     , array([ 3.25967    ,  2.67259    ,  0.835904   ])
18      , -862928     , array([ 3.25967    ,  2.55037    ,  0.828446   ])
19      , -855760     , array([ 3.39062    ,  2.63121    ,  0.830925   ])
20      , -850766     , array([ 3.45806    ,  2.67259    ,  0.828446   ])
21      , -850388     , array([ 3.1961     ,  2.71462    ,  0.825975   ])
22      , -844603     , array([ 3.07266    ,  2.80068    ,  0.821055   ])
likelihood = -844602.9
theta = 20588.93
Optimized parameters = [3.07266485 2.80067775 0.82105506]

Round_1_Replicate_4
23      , -1.17867e+06, array([ 3.01803    ,  0.474487   ,  0.496191   ])
24      , -1.18189e+06, array([ 3.1894     ,  0.474487   ,  0.496191   ])
25      , -1.19226e+06, array([ 3.01803    ,  0.457125   ,  0.496191   ])
26      , -1.16707e+06, array([ 3.01803    ,  0.474487   ,  0.479105   ])
27      , -1.15955e+06, array([ 3.13122    ,  0.492508   ,  0.484734   ])
28      , -1.14331e+06, array([ 3.1894     ,  0.511213   ,  0.479105   ])
29      , -1.14436e+06, array([ 2.96297    ,  0.498665   ,  0.473542   ])
likelihood = -1143311.6
theta = 33695.4
Optimized parameters = [3.18940309 0.51121287 0.47910535]

Round_1_Replicate_5
30      , -1.43742e+06, array([ 6.03463    ,  0.343177   ,  0.6165     ])
31      , -1.44581e+06, array([ 6.60212    ,  0.343177   ,  0.6165     ])
32      , -1.46084e+06, array([ 6.03463    ,  0.325308   ,  0.6165     ])
33      , -1.42823e+06, array([ 6.03463    ,  0.343177   ,  0.601768   ])
34      , -1.41385e+06, array([ 6.40726    ,  0.362029   ,  0.606639   ])
35      , -1.39098e+06, array([ 6.60212    ,  0.381915   ,  0.601768   ])
36      , -1.39211e+06, array([ 5.85652    ,  0.36854    ,  0.596937   ])
likelihood = -1390980.59
theta = 24186.3
Optimized parameters = [6.60211585 0.38191517 0.6017684 ]

Round_1_Replicate_6
37      , -1.3008e+06 , array([ 3.76164    ,  0.60986    ,  0.893063   ])
38      , -1.30529e+06, array([ 4.01926    ,  0.60986    ,  0.893063   ])
39      , -1.31005e+06, array([ 3.76164    ,  0.594965   ,  0.893063   ])
40      , -1.2988e+06 , array([ 3.76164    ,  0.60986    ,  0.888027   ])
41      , -1.29322e+06, array([ 3.93148    ,  0.625128   ,  0.889702   ])
42      , -1.2849e+06 , array([ 4.01926    ,  0.640777   ,  0.888027   ])
43      , -1.28453e+06, array([ 3.67949    ,  0.630301   ,  0.886354   ])
44      , -1.2745e+06 , array([ 3.52053    ,  0.640777   ,  0.883019   ])
likelihood = -1274500.02
theta = 27527.02
Optimized parameters = [3.52052876 0.64077728 0.88301902]

Round_1_Replicate_7
45      , -955235     , array([ 0.401319   ,  0.367944   ,  0.16892    ])
46      , -959960     , array([ 0.383411   ,  0.367944   ,  0.16892    ])
47      , -967610     , array([ 0.401319   ,  0.350003   ,  0.16892    ])
48      , -929817     , array([ 0.401319   ,  0.367944   ,  0.154549   ])
49      , -929433     , array([ 0.389289   ,  0.386806   ,  0.159198   ])
50      , -911103     , array([ 0.383411   ,  0.406634   ,  0.154549   ])
51      , -903594     , array([ 0.407472   ,  0.393306   ,  0.150035   ])
52      , -875439     , array([ 0.420064   ,  0.406634   ,  0.1414     ])
likelihood = -875438.89
theta = 77198.86
Optimized parameters = [0.42006363 0.40663435 0.14140018]

Round_1_Replicate_8
53      , -866731     , array([ 1.16371    ,  2.09282    ,  0.565584   ])
54      , -865735     , array([ 1.17256    ,  2.09282    ,  0.565584   ])
55      , -861705     , array([ 1.16371    ,  2.17154    ,  0.565584   ])
56      , -857809     , array([ 1.16371    ,  2.09282    ,  0.549695   ])
57      , -856744     , array([ 1.1696     ,  2.14498    ,  0.554941   ])
58      , -851765     , array([ 1.17256    ,  2.17154    ,  0.549695   ])
59      , -848510     , array([ 1.16077    ,  2.19844    ,  0.544499   ])
60      , -840022     , array([ 1.15492    ,  2.25323    ,  0.534253   ])
likelihood = -840021.59
theta = 31335.13
Optimized parameters = [1.15491833 2.25322633 0.53425273]

Round_1_Replicate_9
61      , -765427     , array([ 4.77982    ,  3.07095    ,  0.719994   ])
62      , -763621     , array([ 5.16871    ,  3.07095    ,  0.719994   ])
63      , -753577     , array([ 4.77982    ,  3.24816    ,  0.719994   ])
64      , -760145     , array([ 4.77982    ,  3.07095    ,  0.708264   ])
65      , -752558     , array([ 5.03569    ,  3.18798    ,  0.712153   ])
66      , -746167     , array([ 5.16871    ,  3.24816    ,  0.708264   ])
67      , -743537     , array([ 4.65681    ,  3.30947    ,  0.704397   ])
68      , -734530     , array([ 4.42019    ,  3.43559    ,  0.696726   ])
likelihood = -734530.42
theta = 18083.34
Optimized parameters = [4.42019346 3.43558542 0.69672568]

Round_1_Replicate_10
69      , -1.14306e+06, array([ 1.50774    ,  2.46103    ,  1.58093    ])
70      , -1.14043e+06, array([ 1.53902    ,  2.46103    ,  1.58093    ])
71      , -1.13632e+06, array([ 1.50774    ,  2.57438    ,  1.58093    ])
72      , -1.15101e+06, array([ 1.50774    ,  2.46103    ,  1.61755    ])
73      , -1.12889e+06, array([ 1.52852    ,  2.53603    ,  1.54514    ])
74      , -1.11797e+06, array([ 1.53902    ,  2.57438    ,  1.51016    ])
75      , -1.12008e+06, array([ 1.54959    ,  2.61331    ,  1.53339    ])
likelihood = -1117967.64
theta = 22903.65
Optimized parameters = [1.53901678 2.57438098 1.51015597]

Round_2_Replicate_1
76      , -1.15917e+06, array([ 1.30591    ,  2.0236     ,  1.43747    ])
77      , -1.15746e+06, array([ 1.32346    ,  2.0236     ,  1.43747    ])
78      , -1.15355e+06, array([ 1.30591    ,  2.09619    ,  1.43747    ])
79      , -1.16553e+06, array([ 1.30591    ,  2.0236     ,  1.46379    ])
80      , -1.14794e+06, array([ 1.31758    ,  2.07171    ,  1.41163    ])
81      , -1.13925e+06, array([ 1.32346    ,  2.09619    ,  1.38624    ])
82      , -1.14101e+06, array([ 1.32936    ,  2.12096    ,  1.40311    ])
83      , -1.13199e+06, array([ 1.31563    ,  2.18846    ,  1.38067    ])
84      , -1.11967e+06, array([ 1.31173    ,  2.27586    ,  1.35311    ])
85      , -1.11318e+06, array([ 1.33727    ,  2.23173    ,  1.3261     ])
86      , -1.09346e+06, array([ 1.35322    ,  2.30276    ,  1.2737     ])
likelihood = -1093461.08
theta = 25640.93
Optimized parameters = [1.35322287 2.30275609 1.27369823]

Round_2_Replicate_2
87      , -1.36049e+06, array([ 1.45167    ,  1.35548    ,  2.02953    ])
88      , -1.35847e+06, array([ 1.47898    ,  1.35548    ,  2.02953    ])
89      , -1.35662e+06, array([ 1.45167    ,  1.37625    ,  2.02953    ])
90      , -1.376e+06  , array([ 1.45167    ,  1.35548    ,  2.10264    ])
91      , -1.34148e+06, array([ 1.46982    ,  1.36929    ,  1.95896    ])
92      , -1.32487e+06, array([ 1.47898    ,  1.37625    ,  1.89084    ])
93      , -1.33274e+06, array([ 1.48819    ,  1.38324    ,  1.93598    ])
94      , -1.31797e+06, array([ 1.46678    ,  1.40207    ,  1.87603    ])
95      , -1.29855e+06, array([ 1.46072    ,  1.42596    ,  1.80369    ])
96      , -1.28246e+06, array([ 1.50057    ,  1.41396    ,  1.73414    ])
97      , -1.24796e+06, array([ 1.52563    ,  1.43321    ,  1.60299    ])
likelihood = -1247960.48
theta = 28679.43
Optimized parameters = [1.52563466 1.43320799 1.60298648]

Round_2_Replicate_3
98      , -459144     , array([ 7.49926    ,  5.13497    ,  0.384485   ])
99      , -457226     , array([ 8.29411    ,  5.13497    ,  0.384485   ])
100     , -445584     , array([ 7.49926    ,  5.57268    ,  0.384485   ])
101     , -445609     , array([ 7.49926    ,  5.13497    ,  0.366542   ])
102     , -439563     , array([ 8.02021    ,  5.42278    ,  0.372428   ])
103     , -430052     , array([ 8.29411    ,  5.57268    ,  0.366542   ])
104     , -424514     , array([ 7.25162    ,  5.72673    ,  0.360749   ])
105     , -409914     , array([ 6.78059    ,  6.04771    ,  0.349436   ])
106     , -411623     , array([ 7.49926    ,  6.38669    ,  0.366542   ])
107     , -389068     , array([ 7.49926    ,  6.44501    ,  0.338478   ])
108     , -363038     , array([ 7.49926    ,  6.93111    ,  0.317582   ])
likelihood = -363037.58
theta = 17236.39
Optimized parameters = [7.49926376 6.93110868 0.31758185]

Round_2_Replicate_4
109     , -1.18694e+06, array([ 11.4387    ,  0.960081   ,  0.813497   ])
110     , -1.19723e+06, array([ 12.921     ,  0.960081   ,  0.813497   ])
111     , -1.1877e+06 , array([ 11.4387    ,  0.958128   ,  0.813497   ])
112     , -1.18326e+06, array([ 11.4387    ,  0.960081   ,  0.805145   ])
113     , -1.17495e+06, array([ 10.1265    ,  0.958779   ,  0.807919   ])
114     , -1.16427e+06, array([ 8.96477    ,  0.958128   ,  0.805145   ])
115     , -1.16851e+06, array([ 9.7234     ,  0.960734   ,  0.80238    ])
116     , -1.15735e+06, array([ 8.72528    ,  0.959213   ,  0.795052   ])
117     , -1.14334e+06, array([ 7.62045    ,  0.958779   ,  0.785987   ])
118     , -1.13588e+06, array([ 6.65552    ,  0.958345   ,  0.790507   ])
119     , -1.11608e+06, array([ 5.07673    ,  0.957478   ,  0.783288   ])
likelihood = -1116079.44
theta = 22528.66
Optimized parameters = [5.0767343  0.9574776  0.78328799]

Round_2_Replicate_5
120     , -1.33722e+06, array([ 1.84943    ,  1.52955    ,  2.1853     ])
121     , -1.3347e+06 , array([ 1.90717    ,  1.52955    ,  2.1853     ])
122     , -1.33178e+06, array([ 1.84943    ,  1.5624     ,  2.1853     ])
123     , -1.35352e+06, array([ 1.84943    ,  1.52955    ,  2.27241    ])
124     , -1.31605e+06, array([ 1.88773    ,  1.55137    ,  2.10153    ])
125     , -1.29801e+06, array([ 1.90717    ,  1.5624     ,  2.02097    ])
126     , -1.30572e+06, array([ 1.92682    ,  1.5735     ,  2.07433    ])
127     , -1.28932e+06, array([ 1.88129    ,  1.60351    ,  2.00349    ])
128     , -1.26758e+06, array([ 1.86848    ,  1.64182    ,  1.91834    ])
129     , -1.25079e+06, array([ 1.95333    ,  1.62255    ,  1.83681    ])
130     , -1.213e+06  , array([ 2.00744    ,  1.65349    ,  1.68399    ])
likelihood = -1212995.65
theta = 24521.45
Optimized parameters = [2.00744385 1.65348597 1.68399484]

Round_2_Replicate_6
131     , -1.37328e+06, array([ 1.36815    ,  2.33958    ,  2.6771     ])
132     , -1.37018e+06, array([ 1.38976    ,  2.33958    ,  2.6771     ])
133     , -1.36559e+06, array([ 1.36815    ,  2.44116    ,  2.6771     ])
134     , -1.39642e+06, array([ 1.36815    ,  2.33958    ,  2.81221    ])
135     , -1.34391e+06, array([ 1.38252    ,  2.40682    ,  2.54848    ])
136     , -1.31913e+06, array([ 1.38976    ,  2.44116    ,  2.42604    ])
137     , -1.32985e+06, array([ 1.39704    ,  2.47598    ,  2.50699    ])
138     , -1.30717e+06, array([ 1.38011    ,  2.57131    ,  2.39964    ])
139     , -1.27786e+06, array([ 1.37532    ,  2.69564    ,  2.27189    ])
140     , -1.25572e+06, array([ 1.40681    ,  2.63274    ,  2.15094    ])
141     , -1.20628e+06, array([ 1.42654    ,  2.7341     ,  1.92801    ])
likelihood = -1206275.05
theta = 21732.47
Optimized parameters = [1.42654279 2.73409664 1.92800983]

Round_2_Replicate_7
142     , -1.47696e+06, array([ 8.11213    ,  0.95974    ,  1.94407    ])
143     , -1.48663e+06, array([ 9.00724    ,  0.95974    ,  1.94407    ])
144     , -1.47782e+06, array([ 8.11213    ,  0.95777    ,  1.94407    ])
145     , -1.49061e+06, array([ 8.11213    ,  0.95974    ,  2.00978    ])
146     , -1.47047e+06, array([ 8.69841    ,  0.958426   ,  1.88052    ])
147     , -1.46075e+06, array([ 9.00724    ,  0.95777    ,  1.81904    ])
148     , -1.45709e+06, array([ 7.83399    ,  0.957114   ,  1.8598     ])
149     , -1.44278e+06, array([ 7.30598    ,  0.955804   ,  1.81904    ])
150     , -1.44236e+06, array([ 8.11213    ,  0.95777    ,  1.77917    ])
151     , -1.42511e+06, array([ 8.11213    ,  0.95777    ,  1.70204    ])
152     , -1.40948e+06, array([ 8.11213    ,  0.954496   ,  1.62826    ])
153     , -1.37725e+06, array([ 8.11213    ,  0.951885   ,  1.49014    ])
likelihood = -1377246.46
theta = 15383.74
Optimized parameters = [8.11213454 0.95188477 1.49014231]

Round_2_Replicate_8
154     , -739685     , array([ 4.61232    ,  0.943255   ,  0.249722   ])
155     , -742021     , array([ 4.9787     ,  0.943255   ,  0.249722   ])
156     , -740608     , array([ 4.61232    ,  0.940503   ,  0.249722   ])
157     , -717608     , array([ 4.61232    ,  0.943255   ,  0.232986   ])
158     , -723513     , array([ 4.27291    ,  0.94142    ,  0.238436   ])
159     , -713304     , array([ 4.38318    ,  0.944786   ,  0.231197   ])
160     , -699843     , array([ 4.27291    ,  0.946935   ,  0.222456   ])
161     , -688008     , array([ 4.16542    ,  0.94448    ,  0.214046   ])
162     , -662912     , array([ 3.95847    ,  0.945093   ,  0.198168   ])
163     , -663269     , array([ 4.27291    ,  0.948781   ,  0.198168   ])
likelihood = -662911.67
theta = 34701.61
Optimized parameters = [3.95847391 0.94509313 0.19816764]

Round_2_Replicate_9
164     , -1.26387e+06, array([ 7.8324     ,  1.11495    ,  1.29028    ])
165     , -1.27213e+06, array([ 8.6814     ,  1.11495    ,  1.29028    ])
166     , -1.26193e+06, array([ 7.8324     ,  1.12103    ,  1.29028    ])
167     , -1.26835e+06, array([ 7.8324     ,  1.11495    ,  1.30683    ])
168     , -1.25776e+06, array([ 7.06643    ,  1.119      ,  1.30129    ])
169     , -1.25131e+06, array([ 6.37537    ,  1.12103    ,  1.30683    ])
170     , -1.24954e+06, array([ 6.82813    ,  1.12307    ,  1.28482    ])
171     , -1.24057e+06, array([ 6.37537    ,  1.12715    ,  1.27395    ])
172     , -1.23923e+06, array([ 5.95263    ,  1.13124    ,  1.29028    ])
173     , -1.22859e+06, array([ 5.18939    ,  1.13948    ,  1.29028    ])
174     , -1.2222e+06 , array([ 4.524      ,  1.13741    ,  1.29028    ])
175     , -1.21006e+06, array([ 3.43825    ,  1.14569    ,  1.29028    ])
likelihood = -1210057.48
theta = 23020.86
Optimized parameters = [3.4382464  1.14569427 1.29028456]

Round_2_Replicate_10
176     , -820729     , array([ 4.0969     ,  5.3        ,  1.13551    ])
177     , -815081     , array([ 4.39621    ,  5.3        ,  1.13551    ])
178     , -808919     , array([ 4.0969     ,  5.76089    ,  1.13551    ])
179     , -822737     , array([ 4.0969     ,  5.3        ,  1.14275    ])
180     , -806752     , array([ 4.29409    ,  5.60297    ,  1.12832    ])
181     , -798802     , array([ 4.39621    ,  5.76089    ,  1.12117    ])
182     , -794227     , array([ 4.50076    ,  5.92326    ,  1.12593    ])
183     , -781144     , array([ 4.71739    ,  6.26186    ,  1.12117    ])
184     , -778591     , array([ 4.39621    ,  6.61981    ,  1.11643    ])
185     , -762175     , array([ 4.39621    ,  7.39828    ,  1.10701    ])
186     , -751714     , array([ 4.94443    ,  7.19548    ,  1.09767    ])
187     , -723846     , array([ 5.43184    ,  8.04164    ,  1.07923    ])
likelihood = -723846.34
theta = 11438.56
Optimized parameters = [5.43184003 8.04163854 1.0792304 ]

Round_2_Replicate_11
188     , -897762     , array([ 4.66447    ,  10.5722    ,  1.9704     ])
189     , -888480     , array([ 5.03782    ,  10.5722    ,  1.9704     ])
190     , -887181     , array([ 4.66447    ,  11.8953    ,  1.9704     ])
191     , -908367     , array([ 4.66447    ,  10.5722    ,  2.03837    ])
192     , -873490     , array([ 4.91016    ,  11.4368    ,  1.9047     ])
193     , -856202     , array([ 5.03782    ,  11.8953    ,  1.84119    ])
194     , -856517     , array([ 5.16879    ,  12.3721    ,  1.88329    ])
195     , -846458     , array([ 4.86833    ,  13.7392    ,  1.82737    ])
196     , -828054     , array([ 4.78574    ,  15.6625    ,  1.75979    ])
197     , -805551     , array([ 5.34874    ,  14.6693    ,  1.69472    ])
198     , -765627     , array([ 5.72764    ,  16.2903    ,  1.5717     ])
likelihood = -765627.03
theta = 7674.16
Optimized parameters = [ 5.72764337 16.29030414  1.57169991]

Round_2_Replicate_12
199     , -539047     , array([ 3.04869    ,  1.61213    ,  0.211403   ])
200     , -537888     , array([ 3.22344    ,  1.61213    ,  0.211403   ])
201     , -533509     , array([ 3.04869    ,  1.65109    ,  0.211403   ])
202     , -516584     , array([ 3.04869    ,  1.61213    ,  0.195599   ])
203     , -519540     , array([ 3.16411    ,  1.638      ,  0.200731   ])
204     , -508848     , array([ 2.95574    ,  1.65548    ,  0.193917   ])
205     , -494914     , array([ 2.83035    ,  1.67758    ,  0.185725   ])
206     , -487321     , array([ 2.9741     ,  1.63366    ,  0.177878   ])
207     , -465033     , array([ 2.93749    ,  1.62502    ,  0.163166   ])
208     , -465395     , array([ 2.72711    ,  1.638      ,  0.163166   ])
likelihood = -465032.98
theta = 35232.2
Optimized parameters = [2.93749257 1.62501639 0.16316576]

Round_2_Replicate_13
209     , -517243     , array([ 7.0917     ,  1.57538    ,  0.191133   ])
210     , -519364     , array([ 7.82146    ,  1.57538    ,  0.191133   ])
211     , -511192     , array([ 7.0917     ,  1.61159    ,  0.191133   ])
212     , -493333     , array([ 7.0917     ,  1.57538    ,  0.175956   ])
213     , -495549     , array([ 6.43003    ,  1.59943    ,  0.180876   ])
214     , -483006     , array([ 6.64342    ,  1.61566    ,  0.174345   ])
215     , -466519     , array([ 6.43003    ,  1.63619    ,  0.166513   ])
216     , -459740     , array([ 6.22348    ,  1.59539    ,  0.159032   ])
217     , -435547     , array([ 5.83009    ,  1.58736    ,  0.145064   ])
218     , -434885     , array([ 6.43003    ,  1.59943    ,  0.145064   ])
219     , -406420     , array([ 6.43003    ,  1.59943    ,  0.129912   ])
likelihood = -406420.22
theta = 32580.9
Optimized parameters = [6.43002548 1.5994273  0.12991172]

Round_2_Replicate_14
220     , -1.06312e+06, array([ 1.21196    ,  13.0263    ,  1.55813    ])
221     , -1.06077e+06, array([ 1.22366    ,  13.0263    ,  1.55813    ])
222     , -1.06198e+06, array([ 1.21196    ,  14.8102    ,  1.55813    ])
223     , -1.07062e+06, array([ 1.21196    ,  13.0263    ,  1.59306    ])
224     , -1.05324e+06, array([ 1.21975    ,  14.19      ,  1.52396    ])
225     , -1.0447e+06 , array([ 1.22366    ,  14.8102    ,  1.49054    ])
226     , -1.04858e+06, array([ 1.22759    ,  15.4576    ,  1.51273    ])
227     , -1.04065e+06, array([ 1.23812    ,  13.989     ,  1.48321    ])
228     , -1.03014e+06, array([ 1.25142    ,  13.5957    ,  1.44711    ])
229     , -1.02196e+06, array([ 1.24475    ,  16.365     ,  1.41189    ])
230     , -1.00341e+06, array([ 1.25543    ,  18.3427    ,  1.34401    ])
likelihood = -1003407.55
theta = 9506.54
Optimized parameters = [ 1.25543458 18.34271659  1.34400749]
