Model	Replicate	log-likelihood	AIC	chi-squared	theta	optimized_params(nu1, nu2, T)
no_mig	Round_1_Replicate_1	-1383161.45	2766328.9	559139269.36	35655.11	1.2777,0.9165,1.6195
no_mig	Round_1_Replicate_2	-2044329.58	4088665.16	10403219791.88	18402.7	6.7201,0.2975,1.6517
no_mig	Round_1_Replicate_3	-844602.9	1689211.8	34700199.85	20588.93	3.0727,2.8007,0.8211
no_mig	Round_1_Replicate_4	-1143311.6	2286629.2	67628097.69	33695.4	3.1894,0.5112,0.4791
no_mig	Round_1_Replicate_5	-1390980.59	2781967.18	175659565.92	24186.3	6.6021,0.3819,0.6018
no_mig	Round_1_Replicate_6	-1274500.02	2549006.04	147096652.61	27527.02	3.5205,0.6408,0.883
no_mig	Round_1_Replicate_7	-875438.89	1750883.78	22834728.03	77198.86	0.4201,0.4066,0.1414
no_mig	Round_1_Replicate_8	-840021.59	1680049.18	36466452.46	31335.13	1.1549,2.2532,0.5343
no_mig	Round_1_Replicate_9	-734530.42	1469066.84	20869745.39	18083.34	4.4202,3.4356,0.6967
no_mig	Round_1_Replicate_10	-1117967.64	2235941.28	153590906.19	22903.65	1.539,2.5744,1.5102
no_mig	Round_2_Replicate_1	-1093461.08	2186928.16	128810931.1	25640.93	1.3532,2.3028,1.2737
no_mig	Round_2_Replicate_2	-1247960.48	2495926.96	266377241.52	28679.43	1.5256,1.4332,1.603
no_mig	Round_2_Replicate_3	-363037.58	726081.16	3079569.42	17236.39	7.4993,6.9311,0.3176
no_mig	Round_2_Replicate_4	-1116079.44	2232164.88	73111355.65	22528.66	5.0767,0.9575,0.7833
no_mig	Round_2_Replicate_5	-1212995.65	2425997.3	212712547.74	24521.45	2.0074,1.6535,1.684
no_mig	Round_2_Replicate_6	-1206275.05	2412556.1	285305454.27	21732.47	1.4265,2.7341,1.928
no_mig	Round_2_Replicate_7	-1377246.46	2754498.92	258170724.15	15383.74	8.1121,0.9519,1.4901
no_mig	Round_2_Replicate_8	-662911.67	1325829.34	8292281.21	34701.61	3.9585,0.9451,0.1982
no_mig	Round_2_Replicate_9	-1210057.48	2420120.96	144094119.79	23020.86	3.4382,1.1457,1.2903
no_mig	Round_2_Replicate_10	-723846.34	1447698.68	24921071.94	11438.56	5.4318,8.0416,1.0792
no_mig	Round_2_Replicate_11	-765627.03	1531260.06	35855289.13	7674.16	5.7276,16.2903,1.5717
no_mig	Round_2_Replicate_12	-465032.98	930071.96	3845343.13	35232.2	2.9375,1.625,0.1632
no_mig	Round_2_Replicate_13	-406420.22	812846.44	2249176.28	32580.9	6.43,1.5994,0.1299
no_mig	Round_2_Replicate_14	-1003407.55	2006821.1	155198250.6	9506.54	1.2554,18.3427,1.344
no_mig	Round_2_Replicate_15	-1034236.75	2068479.5	89307447.12	14118.22	4.2954,3.6147,1.8231
no_mig	Round_2_Replicate_16	-516439.15	1032884.3	8677421.64	29587.97	1.2649,4.0747,0.2403
no_mig	Round_2_Replicate_17	-695976.95	1391959.9	23077521.95	17110.83	2.4444,6.2977,0.6766
no_mig	Round_2_Replicate_18	-699811.78	1399629.56	13074206.54	28335.94	3.6246,1.5213,0.3439
no_mig	Round_2_Replicate_19	-489920.86	979847.72	7633530.23	16659.71	4.4034,7.0269,0.4495
no_mig	Round_2_Replicate_20	-787623.8	1575253.6	21538527.91	40927.84	1.3671,1.1259,0.3246
no_mig	Round_3_Replicate_1	-196078.56	392163.12	781746.98	15898.32	16.4211,20.898,0.2086
no_mig	Round_3_Replicate_2	-108722.53	217451.06	204571.48	41377.76	3.4634,8.4305,0.0414
no_mig	Round_3_Replicate_3	-109223.39	218452.78	216630.84	37013.14	5.3184,14.9498,0.0482
no_mig	Round_3_Replicate_4	-362333.32	724672.64	4145010.77	10557.12	7.6952,25.7361,0.4687
no_mig	Round_3_Replicate_5	-186663.62	373333.24	700050.43	32113.78	3.4208,5.2064,0.0975
no_mig	Round_3_Replicate_6	-108753.25	217512.5	190349.67	45110.19	2.5291,18.7936,0.0297
no_mig	Round_3_Replicate_7	-512234.48	1024474.96	6252149.28	19621.29	6.453,3.6146,0.3655
no_mig	Round_3_Replicate_8	-563118.39	1126242.78	14874779.79	8043.62	5.2799,29.7263,0.8432
no_mig	Round_3_Replicate_9	-620202.2	1240410.4	17662121.69	9450.5	5.6685,15.0873,0.9549
no_mig	Round_3_Replicate_10	-116124.47	232254.94	196034.22	47684.32	2.9318,5.3294,0.0292
no_mig	Round_3_Replicate_11	-292643.41	585292.82	1822092.44	12807.57	17.1773,13.5921,0.3395
no_mig	Round_3_Replicate_12	-107065.72	214137.44	210226.22	38510.25	3.8837,13.7299,0.0457
no_mig	Round_3_Replicate_13	-114736.23	229478.46	183870.15	51093.09	1.7219,11.247,0.0212
no_mig	Round_3_Replicate_14	-277480.85	554967.7	1785740.96	36288.23	1.0932,5.6139,0.0933
no_mig	Round_3_Replicate_15	-192388.4	384782.8	862916.48	20139.0	7.3093,13.4968,0.1711
no_mig	Round_3_Replicate_16	-569988.63	1139983.26	14895471.09	7512.16	6.7339,26.9641,0.9665
no_mig	Round_3_Replicate_17	-108401.51	216809.02	186621.64	46111.39	2.2764,11.4428,0.0296
no_mig	Round_3_Replicate_18	-372726.84	745459.68	4150357.95	9466.88	11.1071,23.4595,0.5453
no_mig	Round_3_Replicate_19	-192034.94	384075.88	850694.65	17694.65	9.2673,19.346,0.19
no_mig	Round_3_Replicate_20	-107929.7	215865.4	207858.71	42055.7	2.5576,11.2417,0.0389
no_mig	Round_3_Replicate_21	-303023.75	606053.5	2233795.86	20370.77	4.9646,7.5422,0.2359
no_mig	Round_3_Replicate_22	-523473.76	1046953.52	10687489.19	6760.61	11.5604,26.2935,1.0134
no_mig	Round_3_Replicate_23	-300994.48	601994.96	2408128.71	12130.29	10.0714,19.913,0.3717
no_mig	Round_3_Replicate_24	-108954.65	217915.3	199494.83	42918.29	2.808,24.3841,0.0333
no_mig	Round_3_Replicate_25	-220004.16	440014.32	1088673.97	13918.14	13.4526,25.5508,0.2548
no_mig	Round_3_Replicate_26	-108956.97	217919.94	210605.36	40439.39	2.951,24.4817,0.0388
no_mig	Round_3_Replicate_27	-109417.27	218840.54	214081.78	37242.49	5.9273,14.1428,0.0477
no_mig	Round_3_Replicate_28	-206531.61	413069.22	1103752.79	22952.97	3.7163,13.3816,0.1506
no_mig	Round_3_Replicate_29	-106839.13	213684.26	195255.05	41647.52	3.581,11.5077,0.0382
no_mig	Round_3_Replicate_30	-625317.94	1250641.88	20019217.17	8913.39	4.2764,21.7518,0.9031
no_mig	Round_4_Replicate_1	-106270.16	212546.32	196039.11	41591.49	3.1873,13.7313,0.038
no_mig	Round_4_Replicate_2	-110846.8	221699.6	195906.73	47016.52	1.7929,10.1547,0.0292
no_mig	Round_4_Replicate_3	-106238.21	212482.42	197498.68	41219.76	3.2485,13.6004,0.0389
no_mig	Round_4_Replicate_4	-106352.38	212710.76	199735.8	40655.72	3.3798,14.2059,0.04
no_mig	Round_4_Replicate_5	-106470.36	212946.72	198365.76	41267.37	3.289,11.4637,0.0397
no_mig	Round_4_Replicate_6	-106810.79	213627.58	197160.4	42573.21	2.7428,12.3587,0.0366
no_mig	Round_4_Replicate_7	-107897.61	215801.22	208010.27	39507.2	3.6135,19.8914,0.0412
no_mig	Round_4_Replicate_8	-106707.87	213421.74	202460.58	39996.18	3.6264,14.9512,0.0412
no_mig	Round_4_Replicate_9	-110051.13	220108.26	218052.08	36916.54	6.1162,15.4506,0.048
no_mig	Round_4_Replicate_10	-106417.16	212840.32	195710.87	41568.17	3.3435,12.8394,0.0381
no_mig	Round_4_Replicate_11	-106809.23	213624.46	201630.48	40588.07	3.5121,10.8948,0.0416
no_mig	Round_4_Replicate_12	-106535.5	213077.0	192780.9	42416.18	3.1963,12.5271,0.0363
no_mig	Round_4_Replicate_13	-106455.9	212917.8	196166.14	42034.78	2.9696,13.6638,0.0372
no_mig	Round_4_Replicate_14	-106391.28	212788.56	193423.86	42470.45	3.0174,12.2349,0.0366
no_mig	Round_4_Replicate_15	-106404.0	212814.0	194355.89	41986.43	3.2359,12.2049,0.0375
no_mig	Round_4_Replicate_16	-108687.75	217381.5	197464.85	44659.19	2.2899,9.6307,0.0337
no_mig	Round_4_Replicate_17	-106326.63	212659.26	200578.62	40480.22	3.4247,13.1809,0.0409
no_mig	Round_4_Replicate_18	-106339.5	212685.0	198533.51	41217.76	3.1905,13.159,0.0392
no_mig	Round_4_Replicate_19	-106496.82	212999.64	193116.47	42750.78	2.9023,12.7716,0.0358
no_mig	Round_4_Replicate_20	-110274.62	220555.24	213475.6	39188.47	5.7621,14.619,0.0418
no_mig	Round_4_Replicate_21	-106977.82	213961.64	195265.08	43205.81	2.5928,13.0504,0.0351
no_mig	Round_4_Replicate_22	-108068.27	216142.54	194077.97	44693.07	2.1877,14.5336,0.0319
no_mig	Round_4_Replicate_23	-107310.23	214626.46	203353.61	39571.36	4.2129,12.8508,0.0425
no_mig	Round_4_Replicate_24	-106268.79	212543.58	195462.74	41807.23	3.157,12.4632,0.038
no_mig	Round_4_Replicate_25	-106415.6	212837.2	202048.21	40123.95	3.4952,13.8658,0.0415
no_mig	Round_4_Replicate_26	-107367.55	214741.1	205098.39	39694.39	3.9213,10.7838,0.0437
no_mig	Round_4_Replicate_27	-107057.83	214121.66	193048.3	43696.42	2.5714,12.4031,0.0342
no_mig	Round_4_Replicate_28	-106406.81	212819.62	201695.57	40390.44	3.3966,12.9588,0.0412
no_mig	Round_4_Replicate_29	-106748.82	213503.64	200212.0	41800.84	2.8278,13.479,0.038
no_mig	Round_4_Replicate_30	-106429.8	212865.6	191998.88	42740.39	3.0239,12.2975,0.0359
no_mig	Round_4_Replicate_31	-106301.62	212609.24	193555.5	42281.26	3.072,12.8155,0.0368
no_mig	Round_4_Replicate_32	-111603.0	223212.0	200367.58	46953.17	1.7075,10.4735,0.0294
no_mig	Round_4_Replicate_33	-108226.18	216458.36	200966.38	40079.67	4.8975,11.9391,0.041
no_mig	Round_4_Replicate_34	-108412.38	216830.76	203969.48	39655.55	5.0223,13.6881,0.0414
no_mig	Round_4_Replicate_35	-108396.41	216798.82	202680.04	39756.35	5.1245,12.793,0.0414
no_mig	Round_4_Replicate_36	-106275.43	212556.86	197135.65	41420.0	3.1997,12.9165,0.0387
no_mig	Round_4_Replicate_37	-107038.29	214082.58	199939.83	42366.78	2.7114,11.839,0.0374
no_mig	Round_4_Replicate_38	-106351.46	212708.92	200017.92	40576.9	3.4067,13.9769,0.0403
no_mig	Round_4_Replicate_39	-106374.59	212755.18	197510.96	41125.58	3.3789,13.4573,0.039
no_mig	Round_4_Replicate_40	-107151.31	214308.62	194745.77	43275.26	2.5775,15.3687,0.0342
