chrom	gene	segreg_c	pri_der_fix_c	score_c	segreg_g	pri_der_fix_g	score_g	score_tot
X	AGAP013341	37	10	116.282513332	33	4	19.9474744956	136.22998782759998
3R	AGAP007732	525	25	57.495478111	616	31	73.7207529799	131.2162310909
X	AGAP001035	67	13	116.542518984	113	5	9.58967973961	126.13219872361
X	AGAP001076	119	10	40.5525443667	80	10	58.3509711217	98.90351548839999
X	AGAP001023	177	6	8.94769671732	283	19	61.6862296845	70.63392640181999
3R	AGAP007736	1966	29	15.058507733	2256	47	37.867950815	52.926458548
X	AGAP001026	32	5	33.4001365679	38	4	17.4980133372	50.8981499051
3R	AGAP007731	146	10	33.0316878561	194	8	14.9445200716	47.9762079277
X	AGAP001037	17	4	36.1382158508	31	2	4.3110223446	40.4492381954
X	AGAP000819	18	4	34.472384907	41	2	3.27884079041	37.75122569741
X	AGAP000981	114	8	26.6225691521	155	3	2.03612020158	28.65868935368
X	AGAP001050	23	2	5.80159451489	29	4	22.4387759057	28.240370420589997
X	AGAP001029	44	4	15.4754864074	78	4	8.61982225884	24.09530866624
X	AGAP001092	20	3	16.9671255158	19	2	6.80893877284	23.77606428864
3L	AGAP010317	31	4	21.4591644894	28	1	0.672571683358	22.131736172758
3R	AGAP010308	47	2	2.90299811081	58	5	18.8978164551	21.80081456591
X	AGAP001031	16	3	20.5857330143	17	1	1.08359065663	21.66932367093
X	AGAP001041	18	1	1.04331153921	16	3	20.2722378349	21.31554937411
X	AGAP001033	14	2	9.06655611991	36	3	9.73082882405	18.79738494396
X	AGAP001028	43	4	15.8187814203	67	2	1.96909593922	17.78787735952
2R	AGAP013145	9575	1	7.42727525537	12777	1	10.0401096014	17.46738485677
X	AGAP001044	7	2	16.0409384341	17	1	1.08359065663	17.12452909073
X	AGAP001043	486	11	10.5067215807	501	9	6.18463205436	16.69135363506
X	AGAP001090	60	4	11.4348703847	67	3	5.24332476046	16.67819514516
3R	AGAP010302	42	4	16.1769208526	51	1	0.338725941884	16.515646794484
X	AGAP001045	29	2	4.66591600266	31	3	11.2106430974	15.87655910006
X	AGAP001091	170	4	3.70706282344	132	6	12.127968145	15.83503096844
X	AGAP001034	32	3	11.0524740943	31	2	4.3110223446	15.3634964389
3R	AGAP007737	84	2	1.55670490131	117	6	13.7836407188	15.34034562011
X	AGAP001030	24	2	5.5766073056	37	3	9.47888568956	15.05549299516
X	AGAP001036	17	2	7.63937494043	19	2	6.80893877284	14.44831371327
X	AGAP000833	81	5	13.792493708	203	2	0.444162760944	14.236656468944
X	AGAP000958	413	7	4.50411546233	443	10	9.29929103233	13.803406494659999
X	AGAP001083	38	1	0.493605900955	26	3	13.1958828478	13.689488748755
2R	AGAP002186	6898	1	5.34295026035	8873	2	6.55137790026	11.894328160610002
X	AGAP001032	64	4	10.7201913983	106	2	1.1591295776	11.8793209759
3L	AGAP010313	112	5	9.84956210264	175	3	1.7438325729	11.59339467554
X	AGAP001053	275	4	1.99357381215	284	7	7.1467495054	9.14032331755
X	AGAP001004	107	3	3.21603822491	112	4	5.86635023622	9.08238846113
3R	AGAP010289	21	1	0.904142374557	16	2	7.94327927076	8.847421645317
X	AGAP001070	310	7	6.54322206188	367	5	2.26612379012	8.809345852
X	AGAP000937	17	2	7.63937494043	22	1	0.852516769973	8.491891710403
X	AGAP001047	30	1	0.63659022786	46	3	7.67017405314	8.306764281
3R	AGAP007762	109	3	3.14940568148	128	4	5.05799110639	8.20739678787
X	AGAP000829	134	5	8.11421337267	354	1	0.0853899683924	8.1996033410624
2R	AGAP001683	13434	31	1.52438870925	17075	19	6.60497269199	8.129361401239999
2R	AGAP004169	5527	1	4.26485217316	4910	1	3.83212682784	8.096979001000001
X	AGAP001061	560	9	5.42069263563	874	9	2.62576386963	8.04645650526
2L	AGAP005165	8321	9	3.47159031477	7346	5	4.17928311604	7.65087343081
X	AGAP001038	19	2	6.91186500379	27	1	0.697729929245	7.609594933035
2R	AGAP002790	4148	2	2.76073948436	5981	1	4.69058620119	7.4513256855500005
X	AGAP001082	156	5	6.85123769202	190	2	0.500045745909	7.351283437929
X	AGAP001068	88	1	0.136356727117	102	4	6.49429145686	6.630648183977
X	AGAP013317	14	1	1.30718597689	26	2	5.09614637805	6.40333235494
2R	AGAP004050	4763	2	3.24724325716	3900	1	3.01418082862	6.26142408578
X	AGAP000983	85	1	0.147645569494	110	4	5.98320084447	6.130846413964
3R	AGAP010184	5100	3	3.12313120787	4542	3	2.73930320325	5.862434411120001
2R	AGAP004052	4573	3	2.71337616026	3789	1	2.92362732711	5.63700348737
X	AGAP000837	145	1	0.0032597945644	259	6	5.61282030641	5.6160801009744
X	AGAP000974	859	7	1.35187267912	913	11	4.17597936614	5.5278520452599995
X	AGAP001018	27	1	0.708528905606	28	2	4.75133205028	5.4598609558860005
2L	AGAP005073	162	4	3.92580374456	94	2	1.3411727221	5.26697646666
X	AGAP000996	114	3	2.99261279024	143	3	2.24909914008	5.241711930319999
X	AGAP000934	43	2	3.17569283782	66	2	2.0014916646	5.177184502419999
X	AGAP013093	28	1	0.683076483634	30	2	4.44880969846	5.131886182094
3R	AGAP010290	173	3	1.80554990361	186	4	3.26157720362	5.06712710723
3R	AGAP010294	92	2	1.40073265877	95	3	3.60931541409	5.01004807286
2R	AGAP001824	7754	17	1.1397789514	10455	13	3.84548011249	4.98525906389
2R	AGAP001690	2802	2	1.68539394416	4164	1	3.22896823257	4.91436217673
X	AGAP001025	81	3	4.36493316707	107	1	0.0726440153817	4.4375771824517
2R	AGAP003997	3258	24	3.38554071711	3200	6	0.804487764895	4.190028482005
X	AGAP013021	422	6	2.99349965658	625	5	0.898121213438	3.891620870018
X	AGAP000982	134	3	2.47796379537	207	3	1.39005373263	3.868017528
X	AGAP000995	43	2	3.17569283782	47	1	0.376509245795	3.5522020836149997
3R	AGAP009934	44	2	3.10320118234	50	1	0.347698149748	3.450899332088
X	AGAP000978	51	1	0.345534304053	44	2	3.05473855996	3.400272864013
3R	AGAP010295	502	3	0.24232785358	541	7	2.97932865354	3.22165650712
X	AGAP001022	212	4	2.82280344576	268	2	0.241713551132	3.064516996892
X	AGAP001027	173	2	0.599107427951	236	4	2.40599996865	3.0051073966010002
X	AGAP000940	435	5	1.78770836103	596	5	0.991004058368	2.778712419398
X	AGAP000950	55	1	0.312040479546	59	2	2.25681522127	2.568855700816
3R	AGAP010286	378	3	0.514622503108	398	5	2.0058579444	2.520480447508
2R	AGAP001674	2322	7	0.0749101045518	3196	1	2.43697737585	2.5118874804018003
X	AGAP013136	47	1	0.38371280506	67	2	1.96909593922	2.35280874428
X	AGAP000938	547	5	1.20554987924	579	5	1.05003848738	2.2555883666199996
X	AGAP000935	66	2	2.03507989018	75	1	0.185134512032	2.220214402212
2R	AGAP013186	105	1	0.0823439142057	63	2	2.10442694533	2.1867708595357
3R	AGAP010293	69	2	1.93920879704	81	1	0.158699151503	2.097907948543
X	AGAP000931	57	1	0.29676736808	74	2	1.7653270259	2.06209439398
2R	AGAP004273	1635	1	1.09808988487	1421	1	0.930309874036	2.028399758906
X	AGAP000847	1663	10	0.895247655047	3258	5	1.10361465686	1.9988623119070001
X	AGAP001084	254	2	0.287217868575	309	4	1.64669726309	1.933915131665
X	AGAP000941	301	4	1.75113246328	316	2	0.143052598292	1.8941850615720002
X	AGAP001039	73	1	0.200091284126	90	2	1.41187381951	1.611965103636
X	AGAP000994	94	2	1.36562503388	87	1	0.135235354987	1.500860388867
2R	AGAP013121	393	4	1.14971783343	268	2	0.241713551132	1.3914313845619999
X	AGAP001015	698	6	1.29201209009	1039	4	0.0324186528935	1.3244307429835
X	AGAP000998	2596	14	0.843947637173	2682	6	0.469704322959	1.313651960132
X	AGAP001093	245	1	0.15398407844	247	3	1.07331158032	1.22729565876
3R	AGAP009805	1265	1	0.775036123759	879	1	0.438125388926	1.213161512685
X	AGAP000932	509	4	0.70370009159	587	4	0.486701454876	1.190401546466
X	AGAP000962	1574	7	0.17636917364	2007	12	0.989304109987	1.165673283627
3L	AGAP010788	1306	2	0.468704230489	1144	1	0.682103622391	1.1508078528799999
X	AGAP000943	578	3	0.134674371857	594	5	0.997764317293	1.13243868915
X	AGAP000945	276	3	0.922312068958	306	2	0.161185127877	1.083497196835
X	AGAP001052	688	5	0.751015555576	929	5	0.296414005068	1.0474295606439998
3R	AGAP007761	727	4	0.263045828982	922	6	0.660790224954	0.923836053936
X	AGAP000906	365	3	0.55401137085	433	3	0.359974631904	0.9139860027539999
X	AGAP001094	130	1	0.02399332751	148	2	0.742248419142	0.7662417466520001
2R	AGAP003519	731	2	0.00875435039829	1207	1	0.739092536671	0.74784688706929
X	AGAP000915	2731	8	0.125577685952	3266	7	0.620271113641	0.745848799593
3R	AGAP010147	844	5	0.436329738312	708	1	0.276262539572	0.7125922778839999
2L	AGAP004902	2250	6	0.194741051902	1744	9	0.453691635124	0.648432687026
X	AGAP000969	1131	4	0.0834511082263	1400	2	0.562063665041	0.6455147732673
3R	AGAP007734	188	2	0.522516415026	183	1	0.068579222708	0.591095637734
X	AGAP000832	40	1	0.46559672172	90	1	0.124450584309	0.590047306029
2R	AGAP003349	740	3	0.017252720037	964	1	0.517205747462	0.534458467499
3R	AGAP010297	61	1	0.26872592726	65	1	0.237765142544	0.5064910698039999
X	AGAP000898	300	2	0.181338041809	502	3	0.230144961141	0.41148300295
2L	AGAP004827	1101	2	0.301908662714	829	3	0.0960016819569	0.39791034467090003
X	AGAP000835	68	1	0.2262806702	129	1	0.0221653897146	0.2484460599146
X	AGAP001073	484	2	0.0527108369874	623	1	0.194272973724	0.2469838107114
X	AGAP000973	334	1	0.1233574922	467	2	0.0428803572015	0.1662378494015
X	AGAP001069	150	1	0.0116637734585	221	1	0.125170774279	0.1368345477375
X	AGAP000893	386	1	0.0502672959824	506	1	0.0796831780237	0.1299504740061
3L	AGAP010781	487	1	0.0539439997514	366	1	0.0688277134038	0.1227717131552
2R	AGAP003252	117	1	0.0518927363064	134	1	0.0125345093702	0.06442724567659999
X	AGAP001048	418	1	0.0140776335513	468	2	0.0438737759347	0.057951409486
2R	AGAP002232	695	3	0.0176523004813	939	4	0.03532812378	0.052980424261299994
